# CoordinateSystem: GEOGCS["WGS 84",DATUM["World Geodetic System 1984",SPHEROID["WGS 84",6378137,298.257223563,AUTHORITY["EPSG","7030"]],TOWGS84[0,0,0,0,0,0,0],AUTHORITY["EPSG","6326"]],PRIMEM["Greenwich",0,AUTHORITY["EPSG","8901"]],UNIT["degree",0.017453292519943,AUTHORITY["EPSG","9102"]],AUTHORITY["EPSG","4326"]]
# Label	X/East	Y/North	Z/Altitude	Yaw	Pitch	Roll	Error (m)	X error	Y error	Z error	Error (deg)	Yaw error	Pitch error	Roll error	X est	Y est	Z est	Yaw est	Pitch est	Roll est
dji_0002.jpg	-73.625971	3.864084	62.400000				1.517501	0.268049	0.285889	1.466024					-73.625969	3.864087	63.866024	18.481519	53.780094	0.403420
dji_0003.jpg	-73.625946	3.864075	62.500000				1.212958	-0.477414	0.439070	1.024968					-73.625950	3.864079	63.524968	357.678195	53.517747	-1.352379
dji_0004.jpg	-73.625921	3.864089	62.400000				1.280561	-0.232734	0.272297	1.229441					-73.625923	3.864091	63.629441	338.328540	53.142262	-1.927012
dji_0005.jpg	-73.625918	3.864116	62.400000				1.008506	-0.258295	0.067845	0.972505					-73.625920	3.864117	63.372505	323.667939	52.800989	-1.937852
dji_0006.jpg	-73.625915	3.864105	62.300000				1.179729	-0.327309	0.208147	1.114138					-73.625918	3.864107	63.414138	314.989361	52.635449	-1.819297
dji_0007.jpg	-73.625892	3.864126	62.400000				1.098523	-0.409174	0.000222	1.019475					-73.625895	3.864126	63.419475	292.643300	52.075710	-1.974894
dji_0008.jpg	-73.625897	3.864160	62.500000				0.921372	-0.368760	-0.188032	0.823157					-73.625901	3.864158	63.323157	262.413889	51.419218	-2.014615
dji_0009.jpg	-73.625910	3.864179	62.400000				0.954416	-0.257306	-0.353095	0.848544					-73.625913	3.864176	63.248544	241.998787	51.268741	-1.452413
dji_0010.jpg	-73.625908	3.864187	62.200000				1.418003	-0.703375	0.393324	1.166745					-73.625914	3.864191	63.366745	219.749118	51.237072	-0.837934
dji_0011.jpg	-73.625930	3.864207	62.500000				1.291020	-0.436783	-0.555348	1.080528					-73.625934	3.864202	63.580528	196.266381	51.417631	-0.173832
dji_0012.jpg	-73.625959	3.864204	62.500000				1.147959	-0.400198	-0.515514	0.944403					-73.625962	3.864199	63.444403	161.640222	51.489270	-0.100154
dji_0013.jpg	-73.625985	3.864188	62.300000				0.962818	0.207384	-0.444418	0.828554					-73.625983	3.864184	63.128554	124.558538	51.709764	-0.049356
dji_0014.jpg	-73.626002	3.864160	62.200000				1.102606	0.340497	-0.093817	1.044510					-73.625999	3.864159	63.244510	90.483802	51.931443	-0.304526
dji_0015.jpg	-73.625997	3.864118	62.300000				1.092328	0.464524	-0.243974	0.958058					-73.625993	3.864115	63.258057	47.015051	51.722898	-1.384692
dji_0016.jpg	-73.625962	3.864107	62.300000				0.866176	0.130213	0.239660	0.822112					-73.625960	3.864109	63.122112	20.089442	51.709357	-1.050117
dji_0017.jpg	-73.625930	3.864111	62.300000				1.044996	-0.760139	0.082590	0.712309					-73.625937	3.864112	63.012309	340.833480	51.676389	-1.465150
dji_0018.jpg	-73.625917	3.864139	62.400000				0.707519	-0.256071	0.313621	0.580218					-73.625919	3.864142	62.980218	294.089344	51.182564	-1.842512
dji_0019.jpg	-73.625903	3.864155	62.400000				0.849290	0.603679	-0.062794	0.594072					-73.625897	3.864154	62.994072	277.438491	51.336912	-0.990842
dji_0020.jpg	-73.625902	3.864199	62.300000				1.011634	0.037805	-0.722496	0.707087					-73.625902	3.864193	63.007087	228.899316	51.173449	-0.593335
dji_0021.jpg	-73.625939	3.864214	62.300000				0.785666	-0.136955	-0.469050	0.615229					-73.625940	3.864209	62.915229	185.386141	51.246052	-0.055695
dji_0022.jpg	-73.625995	3.864212	62.300000				0.857103	0.398354	-0.488305	0.580946					-73.625992	3.864208	62.880946	137.849767	51.499517	0.121054
dji_0023.jpg	-73.626007	3.864161	62.300000				0.894579	0.384965	-0.184429	0.786168					-73.626004	3.864159	63.086168	107.202467	51.939655	0.384874
dji_0024.jpg	-73.626014	3.864139	62.200000				0.842940	0.471381	0.181805	0.674755					-73.626010	3.864141	62.874755	80.136434	52.399763	0.109520
dji_0025.jpg	-73.625999	3.864098	62.400000				0.679488	0.381278	0.192162	0.528587					-73.625996	3.864100	62.928587	42.083749	52.520233	-0.710432
dji_0026.jpg	-73.625970	3.864090	62.200000				0.663876	0.179291	0.302897	0.562886					-73.625968	3.864092	62.762886	27.010590	52.849237	-0.529518
dji_0027.jpg	-73.625921	3.864079	59.700000				0.577923	-0.006121	0.354417	0.456449					-73.625921	3.864082	60.156449	338.059167	53.011831	-0.231878
dji_0028.jpg	-73.625888	3.864088	59.900000				0.625566	-0.157453	0.363413	0.484223					-73.625890	3.864091	60.384223	317.507829	52.800166	-0.927574
dji_0029.jpg	-73.625874	3.864091	59.900000				0.798606	-0.310702	0.298352	0.672474					-73.625876	3.864094	60.572474	306.461926	52.507764	-0.928807
dji_0030.jpg	-73.625854	3.864118	60.000000				0.644006	-0.466613	0.110712	0.429836					-73.625858	3.864119	60.429836	295.273882	52.034279	-0.744227
dji_0031.jpg	-73.625870	3.864150	59.700000				0.831538	-0.592217	0.444510	0.378346					-73.625875	3.864154	60.078346	274.895209	51.595567	-0.634401
dji_0032.jpg	-73.625889	3.864173	59.900000				0.317160	-0.148795	0.030572	0.278416					-73.625891	3.864173	60.178416	247.622345	51.161769	-0.375996
dji_0033.jpg	-73.625912	3.864200	59.900000				0.596892	-0.146840	-0.382604	0.433973					-73.625914	3.864197	60.333973	210.221811	50.897406	-0.040517
dji_0034.jpg	-73.625929	3.864209	60.000000				0.627663	-0.056181	-0.393206	0.485997					-73.625930	3.864206	60.485997	197.451138	51.123770	0.698788
dji_0035.jpg	-73.625973	3.864236	59.900000				0.647480	0.135514	-0.507979	0.377920					-73.625972	3.864232	60.277920	163.975845	51.424442	0.717727
dji_0036.jpg	-73.625996	3.864216	59.800000				0.636273	0.071962	-0.628154	0.071331					-73.625995	3.864211	59.871331	129.364807	51.626637	0.607805
dji_0037.jpg	-73.626037	3.864177	59.900000				0.955706	0.937386	-0.011155	0.185898					-73.626029	3.864177	60.085898	100.579601	51.822888	0.468439
dji_0038.jpg	-73.626029	3.864144	59.900000				0.833279	0.804910	-0.154179	0.150676					-73.626022	3.864143	60.050676	77.159536	52.043728	0.160722
dji_0039.jpg	-73.626013	3.864133	59.800000				0.437480	0.435821	0.005357	-0.037690					-73.626009	3.864133	59.762310	69.401847	52.258636	0.119016
dji_0040.jpg	-73.626000	3.864106	59.700000				0.424487	0.349180	0.216601	0.106523					-73.625997	3.864108	59.806523	51.108653	52.404368	-0.101003
dji_0041.jpg	-73.625978	3.864088	59.800000				0.441843	0.155398	0.408585	-0.064301					-73.625976	3.864092	59.735699	28.480530	52.452456	-0.551708
dji_0042.jpg	-73.625949	3.864087	59.800000				0.413779	-0.003638	0.413450	-0.016075					-73.625949	3.864091	59.783925	352.972570	52.250480	-1.338458
dji_0043.jpg	-73.625917	3.864093	59.900000				0.385983	-0.158511	0.347321	-0.056795					-73.625919	3.864096	59.843205	323.022030	51.928844	-1.674611
dji_0044.jpg	-73.625893	3.864116	59.900000				0.368691	-0.332511	0.085390	-0.134454					-73.625896	3.864117	59.765546	299.725905	51.671426	-1.244488
dji_0045.jpg	-73.625890	3.864137	59.900000				0.423542	-0.228700	0.346408	-0.084178					-73.625892	3.864141	59.815822	283.137634	51.551652	-0.429936
dji_0046.jpg	-73.625896	3.864174	59.800000				0.392877	-0.342902	-0.189921	0.026466					-73.625899	3.864172	59.826466	249.766499	51.539258	0.293537
dji_0047.jpg	-73.625921	3.864211	59.900000				0.514941	-0.146199	-0.490645	0.055295					-73.625922	3.864206	59.955295	211.169728	51.610634	0.415286
dji_0048.jpg	-73.625950	3.864220	59.900000				0.563919	-0.252580	-0.500052	0.064469					-73.625953	3.864215	59.964469	169.273316	51.572057	0.357902
dji_0049.jpg	-73.625994	3.864206	59.900000				0.692444	0.576480	-0.311385	-0.224029					-73.625989	3.864203	59.675971	130.295155	51.675275	0.531883
dji_0050.jpg	-73.626024	3.864162	59.700000				0.854847	0.643574	-0.544609	0.141344					-73.626019	3.864157	59.841344	86.198137	51.945329	-0.059966
dji_0051.jpg	-73.626010	3.864091	59.900000				1.309977	1.159597	-0.606574	-0.058679					-73.626000	3.864085	59.841321	32.599111	51.812713	-0.948291
dji_0052.jpg	-73.625983	3.864074	60.000000				0.911619	-0.610056	0.558165	-0.383841					-73.625989	3.864079	59.616159	39.729317	52.448732	0.170138
dji_0053.jpg	-73.626007	3.864077	58.700000				0.538793	0.259877	0.291311	-0.371348					-73.626005	3.864080	58.328652	40.513515	52.887668	1.028336
dji_0054.jpg	-73.626006	3.864075	56.100000				0.470759	0.335741	0.307215	-0.120462					-73.626003	3.864078	55.979538	39.260512	53.080705	1.288236
dji_0055.jpg	-73.626003	3.864077	54.300000				1.278456	0.749581	0.994817	0.287955					-73.625996	3.864086	54.587955	34.934846	53.258712	1.277878
dji_0056.jpg	-73.625951	3.864076	54.500000				0.822477	0.199055	0.683516	-0.411888					-73.625949	3.864082	54.088112	344.662831	52.903736	-1.501566
dji_0057.jpg	-73.625935	3.864085	54.300000				0.495102	0.021289	0.433764	-0.237741					-73.625935	3.864089	54.062259	342.124416	52.972816	-0.737174
dji_0058.jpg	-73.625919	3.864080	54.200000				0.448577	0.011956	0.443033	-0.069284					-73.625919	3.864084	54.130716	341.453032	53.079923	-0.116962
dji_0059.jpg	-73.625900	3.864087	54.500000				1.011897	-0.122240	0.923966	-0.394056					-73.625901	3.864095	54.105944	313.758725	52.477268	-1.468761
dji_0060.jpg	-73.625884	3.864117	54.300000				0.663162	-0.305059	0.572626	-0.137195					-73.625887	3.864122	54.162805	304.235434	52.168875	-0.857090
dji_0061.jpg	-73.625875	3.864143	54.500000				0.558049	-0.429727	0.325982	-0.143141					-73.625879	3.864146	54.356859	276.655639	51.730942	-1.132698
dji_0062.jpg	-73.625875	3.864179	54.500000				0.498002	-0.442514	-0.042133	-0.224526					-73.625879	3.864179	54.275474	253.206980	51.497186	-0.499656
dji_0063.jpg	-73.625887	3.864200	54.400000				0.463807	-0.405549	-0.106575	-0.198214					-73.625891	3.864199	54.201785	229.898886	51.451777	-0.113990
dji_0064.jpg	-73.625911	3.864226	54.200000				0.698702	-0.684549	0.044856	0.132534					-73.625917	3.864227	54.332533	199.628037	51.425341	-0.060320
dji_0065.jpg	-73.625937	3.864244	54.400000				0.970224	-0.936671	-0.200764	0.153875					-73.625945	3.864242	54.553875	177.149038	51.389066	0.467727
dji_0066.jpg	-73.625993	3.864212	54.500000				0.627637	0.168680	-0.385459	-0.465722					-73.625992	3.864209	54.034278	131.846056	51.647940	0.043859
dji_0067.jpg	-73.626001	3.864203	54.200000				0.447769	0.294705	-0.167259	-0.292695					-73.625998	3.864202	53.907305	124.549189	51.942440	-0.479739
dji_0068.jpg	-73.626006	3.864185	54.200000				1.001471	0.064445	-0.848781	-0.527600					-73.626005	3.864177	53.672400	111.359431	51.857345	0.064733
dji_0069.jpg	-73.626013	3.864154	54.200000				0.573262	-0.045643	0.527148	-0.220594					-73.626013	3.864158	53.979406	95.128369	52.013573	0.188314
dji_0070.jpg	-73.626023	3.864130	54.400000				0.736499	0.320011	-0.525540	-0.404762					-73.626020	3.864125	53.995238	63.758671	52.447326	-0.119190
dji_0071.jpg	-73.626004	3.864111	54.300000				0.602274	0.563205	-0.045953	-0.208382					-73.625999	3.864110	54.091618	53.710456	52.609810	0.703709
dji_0072.jpg	-73.625983	3.864099	54.400000				0.610048	0.296968	0.334878	-0.414519					-73.625980	3.864103	53.985481	33.424243	52.816904	0.974139
dji_0073.jpg	-73.625983	3.864079	54.300000				0.433696	-0.057469	0.025061	-0.429141					-73.625983	3.864079	53.870859	28.651719	52.921817	1.566546
dji_0074.jpg	-73.625947	3.864060	54.200000				0.826910	-0.064098	0.711092	-0.417157					-73.625948	3.864067	53.782843	19.674373	52.914821	1.125550
dji_0075.jpg	-73.625948	3.864052	55.500000				1.127680	-0.039444	0.964730	-0.582583					-73.625948	3.864061	54.917417	17.276258	52.936952	1.050737
dji_0076.jpg	-73.625998	3.864086	52.400000				2.109116	0.360907	0.333052	2.051145					-73.625995	3.864089	54.451145	38.635746	90.000000	0.000000
dji_0077.jpg	-73.625996	3.864087	53.000000				2.192427	0.221333	0.422880	2.139842					-73.625994	3.864091	55.139842	39.725667	90.000000	0.000000
dji_0078.jpg	-73.626012	3.864102	53.400000				1.899103	-0.015688	0.169878	1.891425					-73.626012	3.864104	55.291425	55.722159	90.000000	0.000000
dji_0079.jpg	-73.626014	3.864103	54.400000				2.004569	0.163734	0.242514	1.983097					-73.626013	3.864105	56.383097	57.562184	90.000000	0.000000
dji_0080.jpg	-73.626025	3.864111	54.800000				1.645465	0.322585	0.113199	1.609559					-73.626022	3.864113	56.409559	63.284272	90.000000	0.000000
dji_0081.jpg	-73.626016	3.864126	54.800000				1.797651	0.529064	0.574923	1.618982					-73.626011	3.864131	56.418982	74.885922	90.000000	0.000000
dji_0082.jpg	-73.626010	3.864134	54.700000				1.715897	0.269706	-0.196878	1.683092					-73.626008	3.864132	56.383092	69.979507	90.000000	0.000000
dji_0083.jpg	-73.625999	3.864117	54.800000				1.926632	0.504087	-0.475404	1.797721					-73.625995	3.864113	56.597721	51.403432	90.000000	0.000000
dji_0084.jpg	-73.625960	3.864098	54.900000				1.692930	-0.081330	0.519965	1.609048					-73.625960	3.864103	56.509048	12.091873	90.000000	0.000000
dji_0085.jpg	-73.625947	3.864091	54.800000				1.684436	0.302868	0.416671	1.603739					-73.625944	3.864094	56.403739	0.183254	90.000000	0.000000
dji_0086.jpg	-73.625927	3.864091	54.800000				1.574347	-0.366480	0.317037	1.497915					-73.625931	3.864094	56.297915	346.850294	90.000000	0.000000
dji_0087.jpg	-73.625885	3.864121	54.800000				1.716134	-0.232217	0.669232	1.563112					-73.625887	3.864127	56.363112	292.617528	90.000000	0.000000
dji_0088.jpg	-73.625886	3.864148	54.800000				1.565633	-0.514951	0.005038	1.478515					-73.625891	3.864148	56.278515	280.731423	90.000000	0.000000
dji_0089.jpg	-73.625888	3.864179	54.900000				1.552365	-0.466746	-0.162686	1.471570					-73.625892	3.864178	56.371570	247.761284	90.000000	0.000000
dji_0090.jpg	-73.625916	3.864224	54.700000				2.081888	-0.958189	0.226948	1.834292					-73.625924	3.864226	56.534292	204.119800	90.000000	0.000000
dji_0091.jpg	-73.625938	3.864243	54.800000				1.617823	-0.396648	-0.460173	1.499421					-73.625942	3.864239	56.299421	184.463046	90.000000	0.000000
dji_0092.jpg	-73.625947	3.864243	54.700000				1.589105	-0.231600	-0.702901	1.406253					-73.625949	3.864236	56.106253	177.428646	90.000000	0.000000
dji_0093.jpg	-73.625990	3.864225	54.700000				1.969542	-0.621558	-0.976371	1.593568					-73.625996	3.864217	56.293568	139.459840	90.000000	0.000000
dji_0094.jpg	-73.626024	3.864194	54.800000				1.564506	0.309000	-0.293591	1.505324					-73.626021	3.864191	56.305324	121.937001	90.000000	0.000000
dji_0095.jpg	-73.626028	3.864159	54.700000				1.527002	0.347047	-0.381878	1.437171					-73.626025	3.864155	56.137171	91.812340	90.000000	0.000000
dji_0096.jpg	-73.626014	3.864086	54.700000				1.522968	0.322827	0.479647	1.408955					-73.626011	3.864090	56.108955	39.734308	90.000000	0.000000
dji_0097.jpg	-73.625942	3.864152	65.099000				0.700325	-0.411255	-0.093312	0.559122					-73.625946	3.864151	65.658122	34.095134	2.063225	-0.004468
dji_0098.jpg	-73.625941	3.864152	65.000000				0.398263	-0.028164	-0.251267	0.307709					-73.625941	3.864149	65.307709	132.470916	-0.410582	2.483031
dji_0099.jpg	-73.625943	3.864150	65.000000				0.862268	0.351515	-0.698039	0.364259					-73.625940	3.864144	65.364259	209.724642	-1.618331	0.496860
dji_0100.jpg	-73.625944	3.864151	65.200000				0.521755	-0.418349	-0.185552	0.250564					-73.625948	3.864149	65.450564	312.025813	-0.348817	-0.309548
dji_0101.jpg	-73.625904	3.864128	64.900000				0.635226	-0.557452	-0.037535	0.302243					-73.625909	3.864127	65.202243	309.818958	1.182512	-1.237355
dji_0102.jpg	-73.625904	3.864129	65.000000				0.644436	-0.554834	-0.073740	0.319404					-73.625909	3.864128	65.319404	308.936100	16.698634	-1.131319
dji_0103.jpg	-73.625904	3.864129	62.100000				0.613589	-0.503027	-0.019247	0.350835					-73.625909	3.864128	62.450835	308.128687	16.752688	-1.088078
dji_0104.jpg	-73.625904	3.864128	59.000000				0.571248	-0.464902	0.021312	0.331265					-73.625908	3.864128	59.331265	307.326981	16.746586	-0.928218
dji_0105.jpg	-73.625876	3.864110	56.500000				0.822860	-0.710078	0.255000	0.328422					-73.625883	3.864113	56.828422	307.661388	16.674739	-0.970493
dji_0106.jpg	-73.625855	3.864097	56.100000				0.998670	-0.801608	0.277377	0.527095					-73.625862	3.864099	56.627095	307.028569	34.239232	-1.096457
dji_0107.jpg	-73.625856	3.864103	55.400000				0.881012	-0.760278	0.445079	-0.008124					-73.625863	3.864107	55.391876	298.872529	34.056854	-1.233898
dji_0108.jpg	-73.625855	3.864102	51.700000				0.751522	-0.729575	0.179669	-0.014973					-73.625862	3.864104	51.685027	297.743676	34.108473	-1.230085
dji_0109.jpg	-73.625857	3.864104	48.900000				1.437455	-1.006814	0.524412	0.881814					-73.625866	3.864108	49.781814	295.462121	43.127880	-1.249613
dji_0110.jpg	-73.625856	3.864104	47.300000				0.833994	-0.549535	0.232205	0.582786					-73.625861	3.864106	47.882786	299.794972	44.907630	-0.863220
dji_0111.jpg	-73.625825	3.864095	45.700000				1.064227	-0.778515	0.217342	0.692284					-73.625832	3.864097	46.392284	297.307683	44.924556	-0.868608
dji_0112.jpg	-73.625824	3.864093	45.800000				0.899455	-0.654464	0.293692	0.542624					-73.625830	3.864096	46.342624	292.942438	59.013889	-1.651257
dji_0113.jpg	-73.625822	3.864147	45.800000				0.814778	-0.638688	-0.137323	0.486912					-73.625827	3.864146	46.286912	261.714510	58.574283	-2.508822
dji_0114.jpg	-73.625839	3.864184	45.800000				0.863729	-0.724671	-0.295455	0.365494					-73.625845	3.864182	46.165494	242.494328	58.342985	-2.149260
dji_0115.jpg	-73.625864	3.864210	45.500000				0.990374	-0.773026	-0.019817	0.618772					-73.625871	3.864210	46.118772	226.858265	58.791653	-1.188268
dji_0116.jpg	-73.625896	3.864269	45.700000				0.987306	-0.449429	-0.569847	0.669374					-73.625900	3.864264	46.369374	202.279173	58.967200	1.932109
dji_0117.jpg	-73.625932	3.864302	45.900000				1.187618	-0.148485	-0.898493	0.762299					-73.625933	3.864293	46.662299	188.098540	58.958888	1.888178
dji_0118.jpg	-73.625968	3.864275	45.800000				1.020525	0.132462	-0.818051	0.595582					-73.625967	3.864268	46.395582	163.697005	58.980656	0.962372
dji_0119.jpg	-73.626036	3.864234	45.500000				1.132126	0.554526	-0.823314	0.544393					-73.626031	3.864227	46.044393	127.572807	59.001747	0.949171
dji_0120.jpg	-73.626051	3.864190	45.500000				0.968285	0.734381	-0.319705	0.544104					-73.626044	3.864187	46.044104	118.033385	59.278148	1.057149
dji_0121.jpg	-73.626057	3.864160	45.500000				0.962115	0.861576	-0.175540	0.390561					-73.626049	3.864158	45.890561	90.169101	59.357419	0.389760
dji_0122.jpg	-73.626051	3.864130	45.600000				0.761525	0.758597	0.051423	0.042498					-73.626044	3.864130	45.642498	78.050636	59.533316	0.685721
dji_0123.jpg	-73.626043	3.864107	45.600000				0.726300	0.703453	0.139998	0.114307					-73.626037	3.864108	45.714307	67.473669	59.836755	1.011065
dji_0124.jpg	-73.626022	3.864077	45.500000				0.728614	0.599470	0.326785	0.254411					-73.626016	3.864080	45.754411	47.917024	59.905896	0.608921
dji_0125.jpg	-73.625988	3.864063	45.600000				0.995632	0.812498	0.521383	0.243496					-73.625980	3.864067	45.843496	29.638265	60.061442	0.120223
dji_0126.jpg	-73.625956	3.864055	45.600000				0.756279	0.682297	0.311330	0.097480					-73.625949	3.864058	45.697480	7.278704	60.109246	-0.621607
dji_0127.jpg	-73.625911	3.864058	45.600000				1.310048	0.901977	0.949985	-0.013809					-73.625902	3.864067	45.586191	337.910759	59.730035	-1.440061
dji_0128.jpg	-73.625883	3.864059	45.600000				0.445298	0.160559	0.383947	0.158416					-73.625882	3.864063	45.758416	323.926918	59.518927	-0.982986
dji_0129.jpg	-73.625835	3.864114	45.700000				0.551330	-0.533270	0.139699	-0.008499					-73.625840	3.864115	45.691501	288.539486	59.329700	-0.351876
dji_0130.jpg	-73.625837	3.864127	45.700000				1.230096	-0.879459	-0.811359	0.285280					-73.625845	3.864120	45.985280	296.856448	59.193876	0.413711
dji_0131.jpg	-73.625854	3.864128	45.700000				1.082362	-0.791504	-0.726285	0.132429					-73.625861	3.864121	45.832429	292.303771	59.131753	0.042617
dji_0132.jpg	-73.625859	3.864099	45.600000				0.394825	-0.332577	-0.207832	0.045662					-73.625862	3.864097	45.645662	300.838643	59.221784	-0.480927
dji_0133.jpg	-73.625840	3.864071	45.400000				0.666942	-0.451573	0.265649	-0.412704					-73.625845	3.864074	44.987296	307.729116	59.292898	-0.847158
dji_0134.jpg	-73.625839	3.864072	43.100000				0.607833	-0.539274	0.211395	-0.184271					-73.625844	3.864074	42.915729	311.815484	59.395764	-1.553618
dji_0135.jpg	-73.625839	3.864072	40.300000				0.630716	-0.463581	0.253449	-0.344469					-73.625843	3.864074	39.955531	313.424830	59.471456	-1.636642
dji_0136.jpg	-73.625839	3.864074	38.500000				0.627460	-0.386157	0.472171	0.147118					-73.625842	3.864079	38.647118	300.566032	59.239857	-2.030481
dji_0137.jpg	-73.625805	3.864118	38.700000				1.086847	-0.399530	1.007404	-0.082146					-73.625809	3.864127	38.617854	279.467405	58.770041	-2.054920
dji_0138.jpg	-73.625803	3.864209	38.500000				1.108009	-1.046483	0.363526	-0.020191					-73.625812	3.864212	38.479809	245.392272	58.195858	-1.761499
dji_0139.jpg	-73.625830	3.864266	38.600000				1.192815	-1.191780	0.004926	-0.049443					-73.625840	3.864266	38.550557	218.337467	58.017027	-1.206695
dji_0140.jpg	-73.625900	3.864313	38.600000				1.486216	-1.362745	-0.592198	-0.032629					-73.625912	3.864308	38.567371	192.902452	57.986140	-0.435817
dji_0141.jpg	-73.625963	3.864323	38.500000				1.472408	-0.681963	-1.286747	0.217243					-73.625969	3.864312	38.717243	171.505608	58.187818	0.121474
dji_0142.jpg	-73.626007	3.864305	38.600000				1.528434	-0.485099	-1.435664	0.199143					-73.626012	3.864292	38.799143	152.740013	58.501971	0.556738
dji_0143.jpg	-73.626053	3.864260	38.700000				1.416449	0.039292	-1.415748	-0.021032					-73.626053	3.864247	38.678968	129.877785	58.837262	0.597673
dji_0144.jpg	-73.626079	3.864203	38.700000				0.961498	0.711621	-0.636717	-0.112534					-73.626073	3.864197	38.587466	103.704800	59.174610	0.372962
dji_0145.jpg	-73.626083	3.864148	38.600000				0.855976	0.811733	-0.182618	-0.201086					-73.626076	3.864146	38.398914	79.627507	59.466079	0.055163
dji_0146.jpg	-73.626081	3.864146	38.500000				1.018136	0.952149	-0.073252	-0.353053					-73.626072	3.864145	38.146947	110.335168	59.684961	2.020029
dji_0147.jpg	-73.626066	3.864125	38.500000				0.964561	0.922877	0.031476	-0.278721					-73.626058	3.864125	38.221279	72.139269	60.007029	0.275960
dji_0148.jpg	-73.626051	3.864129	38.500000				0.648454	0.521012	-0.039631	-0.384016					-73.626047	3.864128	38.115984	81.120054	60.174971	1.554512
dji_0149.jpg	-73.626049	3.864161	38.600000				0.687190	0.328099	-0.202124	-0.568970					-73.626046	3.864159	38.031030	95.847862	60.093313	2.681062
dji_0150.jpg	-73.626038	3.864194	38.700000				1.137374	0.683742	0.772409	-0.479062					-73.626032	3.864201	38.220938	113.751101	59.778515	3.279374
dji_0151.jpg	-73.626018	3.864240	38.700000				0.875251	0.643940	0.368800	-0.464102					-73.626013	3.864244	38.235897	137.500870	59.295164	3.361128
dji_0152.jpg	-73.625977	3.864293	38.500000				0.961010	-0.034088	-0.836287	-0.472232					-73.625978	3.864286	38.027768	169.545618	58.767511	3.132603
dji_0153.jpg	-73.625906	3.864320	38.700000				1.896911	1.642621	-0.869768	-0.378904					-73.625891	3.864312	38.321095	199.331302	58.623286	2.388885
dji_0154.jpg	-73.625862	3.864314	38.600000				1.187810	-0.045350	-1.161604	-0.243952					-73.625863	3.864303	38.356048	215.619866	58.633515	1.780410
dji_0155.jpg	-73.625820	3.864272	38.700000				1.243469	-1.074923	-0.434362	-0.449538					-73.625830	3.864268	38.250462	229.742293	58.653612	0.892760
dji_0156.jpg	-73.625779	3.864206	38.600000				1.179592	-0.998855	-0.340374	-0.527136					-73.625788	3.864203	38.072864	261.908254	58.710832	0.362327
dji_0157.jpg	-73.625781	3.864085	38.500000				1.341176	-0.774160	0.880334	-0.651492					-73.625788	3.864093	37.848508	294.106423	59.042779	-0.400735
dji_0158.jpg	-73.625809	3.864033	38.600000				1.158880	-0.523869	0.930658	-0.449934					-73.625814	3.864041	38.150066	309.382254	59.274602	-1.035295
dji_0159.jpg	-73.625850	3.864035	38.700000				1.375513	-0.735642	0.858973	-0.782962					-73.625857	3.864043	37.917037	323.932008	58.375050	-1.334503
dji_0160.jpg	-73.625870	3.864042	37.200000				0.888401	-0.143780	0.661870	-0.574900					-73.625871	3.864048	36.625100	325.028445	53.382615	-1.746712
dji_0161.jpg	-73.625893	3.864055	34.700000				0.730622	-0.085043	0.627341	-0.364719					-73.625893	3.864061	34.335281	341.213178	53.716672	-1.427082
dji_0162.jpg	-73.625899	3.864044	34.200000				1.107204	-0.404034	0.609331	-0.831488					-73.625902	3.864050	33.368512	339.712852	53.521576	-1.879438
dji_0163.jpg	-73.625893	3.864048	34.100000				1.137125	-0.217307	0.805706	-0.772444					-73.625894	3.864055	33.327556	328.128010	53.260639	-2.255583
dji_0164.jpg	-73.625897	3.864039	34.300000				1.025063	-0.220752	0.839319	-0.545496					-73.625899	3.864046	33.754504	336.175932	53.424434	-2.296665
dji_0165.jpg	-73.625906	3.864058	33.100000				1.253890	-0.030685	0.708884	-1.033819					-73.625906	3.864064	32.066181	337.025765	53.476403	-2.277303
dji_0166.jpg	-73.625905	3.864058	30.100000				1.206855	-0.090172	0.743617	-0.946256					-73.625906	3.864065	29.153744	337.132390	53.464481	-2.198528
dji_0167.jpg	-73.625924	3.864056	29.800000				0.951507	-0.018185	0.780710	-0.543624					-73.625924	3.864063	29.256376	345.117473	53.679239	-1.846671
dji_0168.jpg	-73.625925	3.864057	29.800000				0.901070	-0.067651	0.712541	-0.547389					-73.625925	3.864064	29.252611	344.309798	65.674818	-2.800144
dji_0169.jpg	-73.625923	3.864052	29.800000				0.764154	-0.040642	0.438730	-0.624335					-73.625923	3.864056	29.175664	344.057499	67.130577	-3.078524
dji_0170.jpg	-73.625906	3.864020	29.900000				1.479434	0.715023	1.116474	-0.656470					-73.625899	3.864030	29.243530	337.746680	66.910723	-3.456005
dji_0171.jpg	-73.625843	3.864022	29.900000				1.912400	0.482309	1.673096	-0.790824					-73.625839	3.864037	29.109176	314.447626	66.205053	-3.905087
dji_0172.jpg	-73.625794	3.864078	29.800000				1.269158	-0.825992	0.665529	-0.696828					-73.625802	3.864084	29.103172	286.822856	65.463336	-3.924166
dji_0173.jpg	-73.625779	3.864139	29.900000				1.159341	-0.854323	0.007120	-0.783680					-73.625787	3.864139	29.116320	275.465326	65.379523	-2.794952
dji_0174.jpg	-73.625778	3.864217	30.000000				1.034869	-0.657732	-0.543628	-0.585501					-73.625784	3.864212	29.414499	249.570180	65.332775	-1.554545
dji_0175.jpg	-73.625828	3.864290	29.800000				0.875607	-0.438865	-0.735676	-0.181292					-73.625832	3.864283	29.618708	222.696637	65.391989	-0.999099
dji_0176.jpg	-73.625872	3.864329	29.600000				1.037010	-0.161102	-1.001008	-0.217758					-73.625873	3.864320	29.382242	209.616172	65.702013	-0.479013
dji_0177.jpg	-73.625861	3.864336	29.800000				1.246079	-0.278382	-0.980051	-0.717437					-73.625864	3.864328	29.082563	208.080855	65.907708	-0.079303
dji_0178.jpg	-73.625913	3.864364	29.800000				1.447711	0.250221	-1.270861	-0.646659					-73.625911	3.864353	29.153341	188.505204	65.924372	-0.001445
dji_0179.jpg	-73.625970	3.864375	29.600000				1.339423	0.333713	-1.245368	-0.362971					-73.625967	3.864364	29.237029	173.025066	66.013517	0.330511
dji_0180.jpg	-73.626024	3.864355	29.800000				1.356844	0.614907	-1.137797	-0.410284					-73.626018	3.864344	29.389716	158.389581	66.080011	0.327839
dji_0181.jpg	-73.626103	3.864308	29.900000				1.527200	1.174294	-0.776277	-0.592257					-73.626092	3.864301	29.307743	128.456799	66.177985	0.319827
dji_0182.jpg	-73.626157	3.864200	30.000000				1.869062	1.412655	-0.211321	-1.205463					-73.626145	3.864198	28.794537	101.227186	66.488841	0.407315
dji_0183.jpg	-73.626171	3.864162	29.800000				1.966605	1.444232	-0.217927	-1.316905					-73.626158	3.864160	28.483095	93.378267	66.717757	0.421975
dji_0184.jpg	-73.626162	3.864108	29.700000				1.833041	1.507925	-0.427251	-0.950610					-73.626149	3.864105	28.749390	70.080395	66.758161	-0.415295
dji_0185.jpg	-73.626162	3.864103	30.000000				2.156615	1.302117	1.202657	-1.228453					-73.626150	3.864113	28.771547	75.296188	66.942605	-0.045730
dji_0186.jpg	-73.626171	3.864135	30.000000				2.029382	1.567198	0.082245	-1.286670					-73.626157	3.864136	28.713330	85.605527	59.765867	0.625963
dji_0187.jpg	-73.626173	3.864133	29.800000				2.158716	1.516041	0.199051	-1.523829					-73.626159	3.864135	28.276171	88.438248	60.359105	0.943814
dji_0188.jpg	-73.626179	3.864186	30.000000				2.607633	1.868330	-0.063369	-1.817988					-73.626162	3.864185	28.182012	109.148008	60.263627	2.062252
dji_0189.jpg	-73.626137	3.864239	29.800000				2.324716	1.616676	-0.231024	-1.654476					-73.626122	3.864237	28.145524	120.125171	60.123755	2.636642
dji_0190.jpg	-73.626098	3.864303	29.900000				1.872436	1.189479	-0.775545	-1.220526					-73.626087	3.864296	28.679474	129.905364	60.001481	2.910572
dji_0191.jpg	-73.626070	3.864337	30.200000				2.097626	1.620543	-0.555249	-1.210609					-73.626055	3.864332	28.989391	145.097800	59.531841	3.438025
dji_0192.jpg	-73.626014	3.864372	30.100000				2.592710	2.149885	-0.626045	-1.306985					-73.625995	3.864367	28.793014	173.061573	58.924987	2.952262
dji_0193.jpg	-73.625921	3.864407	29.700000				2.146423	0.706959	-1.854925	-0.816452					-73.625915	3.864390	28.883548	185.878430	58.796022	2.195318
dji_0194.jpg	-73.625843	3.864382	29.900000				2.875196	1.724847	-2.135365	-0.855494					-73.625828	3.864363	29.044505	211.507868	58.718987	1.264965
dji_0195.jpg	-73.625755	3.864316	29.800000				1.804915	-1.007513	-1.143391	-0.967105					-73.625764	3.864306	28.832895	230.533426	58.787032	0.863176
dji_0196.jpg	-73.625730	3.864266	29.700000				2.032477	-0.504581	-1.791846	-0.815872					-73.625734	3.864250	28.884128	253.076481	59.031440	0.091084
dji_0197.jpg	-73.625702	3.864190	29.900000				1.724922	-1.210901	-0.058765	-1.227037					-73.625713	3.864189	28.672963	271.571610	59.277972	-0.302654
dji_0198.jpg	-73.625701	3.864181	29.700000				1.751209	-1.147816	-0.732837	-1.101000					-73.625712	3.864174	28.599000	277.394023	59.461622	-0.999831
dji_0199.jpg	-73.625731	3.864061	29.700000				1.966814	-1.318918	0.090521	-1.456234					-73.625743	3.864062	28.243766	311.919246	60.013893	-0.582317
dji_0200.jpg	-73.625768	3.864020	29.800000				1.835296	-0.674650	0.766064	-1.525222					-73.625774	3.864027	28.274777	300.481092	59.870204	-1.669206
dji_0201.jpg	-73.625804	3.864022	29.400000				1.593982	-0.775225	0.795530	-1.143214					-73.625811	3.864029	28.256786	309.329318	68.449385	-2.435677
dji_0202.jpg	-73.625836	3.864030	29.400000				2.368846	-0.561142	1.376643	-1.844290					-73.625841	3.864043	27.555710	316.167993	68.597572	-2.592864
dji_0203.jpg	-73.625867	3.864067	29.100000				1.748259	-0.002552	0.507695	-1.672916					-73.625867	3.864072	27.427084	310.859444	68.485639	-3.646496
dji_0204.jpg	-73.625867	3.864068	26.800000				1.581912	0.042538	0.512433	-1.496011					-73.625867	3.864073	25.303989	301.725259	82.361858	-12.129562
dji_0205.jpg	-73.625867	3.864068	22.400000				1.248627	0.066398	0.534204	-1.126626					-73.625866	3.864073	21.273374	300.049388	82.370080	-13.423003
dji_0206.jpg	-73.625866	3.864067	22.200000				1.369262	0.051221	0.578309	-1.240087					-73.625865	3.864072	20.959913	306.377241	82.592323	-13.739396
dji_0207.jpg	-73.625866	3.864067	22.000000				1.332310	-0.006471	0.678801	-1.146402					-73.625866	3.864073	20.853598	308.580292	54.008216	-3.335186
dji_0208.jpg	-73.625905	3.864029	22.100000				1.748109	0.269198	1.001865	-1.407012					-73.625902	3.864038	20.692988	324.189824	54.570238	-2.472584
dji_0209.jpg	-73.625952	3.863990	22.100000				2.066236	0.526930	1.029800	-1.712072					-73.625947	3.864000	20.387928	358.807425	55.059456	-0.424314
dji_0210.jpg	-73.625876	3.863996	22.100000				1.927640	0.307076	1.257099	-1.428706					-73.625873	3.864007	20.671294	319.489291	53.908161	-2.809666
dji_0211.jpg	-73.625826	3.864063	22.100000				1.624218	-0.160243	0.719230	-1.447451					-73.625828	3.864069	20.652549	299.358317	53.326114	-3.310474
dji_0212.jpg	-73.625796	3.864125	22.100000				1.448778	-0.448469	0.330110	-1.337483					-73.625800	3.864128	20.762517	285.684939	52.998346	-2.870140
dji_0213.jpg	-73.625796	3.864178	22.200000				1.567212	-0.443835	-0.280538	-1.476639					-73.625800	3.864176	20.723361	258.115197	52.318000	-2.321410
dji_0214.jpg	-73.625815	3.864214	22.000000				1.226204	-0.296343	-0.379708	-1.127643					-73.625817	3.864211	20.872357	246.169177	52.383323	-1.445667
dji_0215.jpg	-73.625851	3.864257	22.000000				1.055477	0.035166	-0.374649	-0.986121					-73.625851	3.864254	21.013879	221.975707	52.331408	-0.666898
dji_0216.jpg	-73.625871	3.864281	22.200000				1.515780	0.191595	-0.941458	-1.172407					-73.625869	3.864273	21.027593	208.582974	52.834787	0.322445
dji_0217.jpg	-73.625754	3.864201	22.100000				1.230427	-0.382510	-0.607317	-0.999401					-73.625758	3.864196	21.100599	244.360966	53.230272	0.962406
# Total error							1.252867	0.652732	0.618233	0.872585